1 169 319 19
2 281 919 31
3 599 1231 37
4 871 1631 43
5 911 1609 43
6 991 1561 43
7 1031 4369 67
8 1079 1289 41
9 1129 2119 49
10 1321 2479 53
11 1369 6089 79
12 1391 3191 59
13 1481 1639 47
14 1639 3071 59
15 2089 5881 79
16 2119 18649 137
17 2161 2729 59
18 2279 17009 131
19 2449 6439 83
20 2599 5329 77
21 2609 11591 109
22 2729 11119 107
23 2791 5231 77
24 3241 6079 83
25 3271 24431 157
26 3289 19039 139
27 3329 5279 79
28 3551 7481 91
29 4121 18311 137
30 4241 8399 97
31 4471 9169 101
32 4511 6511 89
33 4529 5191 83
34 4639 36959 193
35 5689 25289 161
36 5921 60721 247
37 6031 14959 127
38 6121 27209 167
39 6161 17729 137
40 6521 177121 421
41 6889 12919 121
42 6889 57671 241
43 7121 316889 563
44 7369 16081 133
45 7591 14231 127
46 7591 208711 457
47 7969 63511 253
48 8009 35591 191
49 8641 128591 359
50 9199 93799 307
51 9329 81839 287
52 9751 344431 587
53 10009 68441 263
54 10361 12361 127
55 10609 24359 163
56 10729 20119 151
57 11831 51089 229
58 12199 22871 161
59 12919 146119 383
60 13081 49841 227
61 13369 744649 863
62 14431 16871 149
63 14521 82249 289
64 15169 47359 223
65 17369 19241 161
66 17761 316471 563
67 17809 71249 271
68 17849 26609 179
69 18311 768911 877
70 18721 23351 173
71 18721 50959 233

1 169 319 19
2 281 919 31
3 599 1231 37
4 1079 1289 41
5 871 1631 43
6 911 1609 43
7 991 1561 43
8 1481 1639 47
9 1129 2119 49
10 1321 2479 53
11 1391 3191 59
12 1639 3071 59
13 2161 2729 59
14 1031 4369 67
15 2599 5329 77
16 2791 5231 77
17 1369 6089 79
18 2089 5881 79
19 3329 5279 79
20 2449 6439 83
21 3241 6079 83
22 4529 5191 83
23 4511 6511 89
24 3551 7481 91
25 4241 8399 97
26 4471 9169 101
27 2729 11119 107
28 2609 11591 109
29 6889 12919 121
30 6031 14959 127
31 7591 14231 127
32 10361 12361 127
33 2279 17009 131
34 7369 16081 133
35 2119 18649 137
36 4121 18311 137
37 6161 17729 137
38 3289 19039 139
39 14431 16871 149
40 10729 20119 151
41 3271 24431 157
42 5689 25289 161
43 12199 22871 161
44 17369 19241 161
45 10609 24359 163
46 6121 27209 167
47 18721 23351 173
48 17849 26609 179
49 23009 23321 181
50 8009 35591 191
51 4639 36959 193
52 25519 29239 197
53 22169 38609 211
54 23311 42919 221
55 27809 40151 221
56 15169 47359 223
57 23401 43879 223
58 34649 35671 223
59 13081 49841 227
60 23689 45761 227
61 34529 38249 227
62 11831 51089 229
63 24679 46271 229
64 34481 39511 229
65 18721 50959 233
66 27031 47081 233
67 34871 41609 233
68 19769 53591 239
69 32231 47159 239
70 33089 46561 239